timeseries-length mean 0 5 10 15 20 25 30 35 40 45 50 55 60 65 70 75 80 85 90 95 100
0.1 1.77200204667 2.12322471066e-11 2.12322471066e-11 2.12322471066e-11 2.12322471066e-11 7.66895793695e-08 7.66895793695e-08 7.66895793695e-08 7.66895793695e-08 7.66895793695e-08 7.66895793695e-08 7.66895793695e-08 1.27966157822e-07 0.874861348001 1.90294335313 2.65071986535 3.29098695417 3.97534892972 4.69211938691 5.6460856673 7.1011087191 18.775681589
0.2 1.15851231137 2.12322471066e-11 2.12322471066e-11 5.98454758068e-08 7.66895793695e-08 7.66895793695e-08 7.66895793695e-08 7.66895793695e-08 7.66895793695e-08 7.66895793695e-08 9.90639733551e-08 0.322610612582 0.851339959279 1.22873801114 1.53777644646 1.82651997177 2.08711193943 2.37061642275 2.75806163611 3.24568038734 4.01720949427 10.4215418956
0.3 1.04335616229 2.12322471066e-11 9.89239061596e-09 7.54723102211e-08 7.66895793695e-08 7.66895793695e-08 7.66895793695e-08 7.79264814691e-08 9.90639733551e-08 0.132768297434 0.597883556097 0.86445481901 1.0702455697 1.2590563375 1.43464689363 1.62828127541 1.80938038404 2.03145037384 2.28960269438 2.57192913728 3.03402653667 6.90502909178
0.4 1.07117262484 2.12322471066e-11 2.12322471066e-11 9.89239061596e-09 4.59597418878e-08 7.54723102211e-08 7.79264814691e-08 0.304980580565 0.561280611417 0.772122267011 0.91627905408 1.06163747915 1.19340364869 1.31615222732 1.43784702815 1.58261957169 1.71678460462 1.88209873071 2.05924119657 2.28419234125 2.63590912294 5.10387471854
0.5 1.09736868006 2.12322471066e-11 9.89239061596e-09 7.19352088605e-08 7.66895793695e-08 1.27966157822e-07 0.431791499509 0.628677109547 0.766027364292 0.900234501387 1.02450494425 1.1293658161 1.22873018647 1.33545892987 1.43763155127 1.54970182432 1.66282112727 1.79102399405 1.93552408971 2.1275317454 2.40111787102 4.31134534319
0.6 1.12249551902 2.12322471066e-11 4.59597418878e-08 7.66895793695e-08 0.0598288055902 0.440850342715 0.617797999369 0.750019436296 0.868163689264 0.961678609397 1.0592514718 1.16445136973 1.25840342987 1.34123069291 1.42847330028 1.5153743462 1.62004370191 1.72736996932 1.85546321272 2.02579558081 2.311334357 4.00482546382
0.7 1.15185996693 2.12322471066e-11 2.75434797238e-08 9.91110401986e-08 0.417949933682 0.611027999601 0.72870639991 0.840401975802 0.933939418227 1.0324014233 1.11182882756 1.18712124491 1.26889555369 1.34257243395 1.41880593781 1.5027737107 1.59849491093 1.68982504516 1.80781468407 1.95317499603 2.17220717089 3.52321878735
0.8 1.17669202883 2.12322471066e-11 7.19352088605e-08 0.357328413726 0.569724205187 0.711414726568 0.811509360683 0.904616894132 0.998207859582 1.07074000241 1.13885688962 1.20641874292 1.2786838986 1.34490718632 1.41954212928 1.4935319489 1.56689165888 1.6593069502 1.75553191273 1.88578419771 2.09208779714 3.38464829523
0.9 1.19129372498 2.12322471066e-11 0.0712480886298 0.484118802312 0.658269689621 0.774974758332 0.864887145203 0.946272214304 1.02405347996 1.08242078661 1.15264868683 1.22109744802 1.28495671241 1.34815568868 1.40840713659 1.47823676369 1.55137343451 1.63048090951 1.7150740388 1.83541163337 2.03402940313 3.0690712764
1.0 1.20252494643 2.12322471066e-11 0.30553509647 0.571723595907 0.706337326084 0.812389816294 0.903876538837 0.97722583872 1.04418270085 1.10702371827 1.17032837928 1.22979040262 1.28826970974 1.34399967525 1.3982636988 1.46188251886 1.53865131492 1.6040393079 1.69354146073 1.80357129416 1.97131336131 3.22481311587
1.1 1.21442867682 2.12322471066e-11 0.408988358579 0.631978461352 0.755904205783 0.852005329247 0.930923546693 1.00562828618 1.06433812325 1.12107438797 1.17924570379 1.2381582608 1.28667645205 1.33982302986 1.39753416845 1.46148968892 1.52124830555 1.58797957595 1.6732358314 1.77979825427 1.93675230658 3.17958282157
1.2 1.22748844054 2.12322471066e-11 0.49884078813 0.661402130881 0.789743658748 0.884495816663 0.955101654179 1.02482821317 1.08303321405 1.14614026661 1.19400416113 1.24094726059 1.29061487479 1.34185099706 1.4029294293 1.45673846189 1.51673880342 1.58092876504 1.65689749586 1.75992070064 1.91532534564 2.90428577648
1.3 1.23561057389 2.12322471066e-11 0.538326317461 0.70448560469 0.821483235411 0.906920939512 0.980122098636 1.04266638122 1.0958373254 1.15074838522 1.19801453142 1.25103192468 1.29964431799 1.3448399376 1.39326950467 1.45147640741 1.50373667241 1.5672539496 1.64716603877 1.73570297861 1.89056953528 2.94928420932
1.4 1.24484918431 2.12322471066e-11 0.587581336055 0.742269043287 0.859947124511 0.938521044473 1.00132908984 1.05597287842 1.11165859015 1.15999129464 1.21561485222 1.25879668216 1.3049634174 1.35137825326 1.40126443939 1.44957259427 1.5001226603 1.56312574616 1.63131163494 1.72260469485 1.8620676312 2.81246831025
1.5 1.25147806204 2.12322471066e-11 0.619348293023 0.772353847392 0.877412430645 0.951455368616 1.01419353661 1.07047904127 1.12636991829 1.17505211523 1.22053663813 1.26704510678 1.30947330616 1.35323767642 1.39844727024 1.44386710915 1.4952318272 1.54944995661 1.62388572884 1.72430660353 1.84884755179 2.67680789322
1.6 1.2546525966 2.12322471066e-11 0.646284401112 0.797748018899 0.90148162183 0.968785068963 1.028074367 1.08748617374 1.13307409717 1.18067641524 1.22390539212 1.26688673357 1.30733897165 1.3493864403 1.39439325143 1.43557074235 1.4833640362 1.54052766908 1.61044312694 1.70296144888 1.8321909689 2.5639845159
1.7 1.25903139554 2.12322471066e-11 0.686222679532 0.820344220585 0.913968332913 0.984028915011 1.04645289659 1.10060772725 1.1452487691 1.18827182061 1.22848828324 1.27009761816 1.30872058556 1.34515938006 1.38784631099 1.4311452554 1.47679618282 1.53639305934 1.60586492255 1.68471052601 1.81180198908 2.40909220953
1.8 1.26178619433 2.12322471066e-11 0.710230747933 0.844952392311 0.921246050351 0.997341061254 1.0612891786 1.10716895921 1.14811905619 1.19148449192 1.23025550504 1.26950239383 1.30607717987 1.34423490081 1.38605194088 1.42706338189 1.47449049058 1.52808069515 1.59691719244 1.67798514364 1.80232613409 2.30567851563
1.9 1.26417295351 2.12322471066e-11 0.733790846883 0.853759108608 0.936338593469 1.00572894925 1.06346374327 1.11048155037 1.15682740905 1.19774126031 1.23446479001 1.27196443906 1.3055344638 1.34312635869 1.38204253123 1.42237072843 1.46929288062 1.52097260633 1.58816815932 1.67069133071 1.78258133144 2.42829047125
2.0 1.26653537189 1.27604549279e-09 0.756428798015 0.869939814538 0.948513393704 1.0151003872 1.06800976543 1.1180236183 1.15685631365 1.1979359293 1.2341832009 1.27371458317 1.30808272965 1.34458780375 1.38264730712 1.42342010441 1.46784725976 1.52034533024 1.58373741135 1.65646779338 1.7703294172 2.3078411028
2.1 1.26679512573 2.12322471066e-11 0.774734914356 0.887291913826 0.958330567989 1.01951294158 1.07611719744 1.12288358 1.16173621762 1.19787601884 1.23572689451 1.27013730375 1.30481660718 1.34059360124 1.37972963594 1.42140205961 1.46539524809 1.51202528471 1.57031796957 1.64252963076 1.75341554382 2.31376252921
2.2 1.26791346402 2.12322471066e-11 0.788675811947 0.89598532148 0.97396978245 1.03040301767 1.07973835885 1.1249628355 1.16563457245 1.20066431566 1.2377172646 1.2703357689 1.3073839103 1.34067739096 1.37776916876 1.4184379823 1.45656092368 1.50619635284 1.55863821356 1.63416382282 1.74336778362 2.37159446742
2.3 1.27037008657 1.25683373673e-07 0.805941822218 0.912692514131 0.980964777156 1.04084980663 1.08654180855 1.12992357946 1.16707063562 1.20303797146 1.23967205825 1.27271988785 1.30591393042 1.34101260221 1.37712776434 1.41481672537 1.45915776058 1.50076503708 1.55358086201 1.62519043551 1.73803145504 2.32957884961
2.4 1.27266747035 3.45076398328e-07 0.8198163098 0.926555580226 0.990588320721 1.0453089629 1.09467021342 1.13320511934 1.17114057625 1.20962754721 1.24592098073 1.27822033921 1.31236143567 1.34647154688 1.3808639796 1.41555085252 1.45210702936 1.4949234482 1.54856895712 1.61781261744 1.72377862003 2.27632545425
2.5 1.27429417905 0.0577937292311 0.834359747687 0.932965086709 1.00355944508 1.05411336894 1.1045666966 1.14201443403 1.17818854246 1.21227651791 1.24465624964 1.28025912647 1.31209487347 1.34297527114 1.37652540272 1.41272258004 1.450564985 1.49193658916 1.54019075387 1.61022673778 1.71025182768 2.19158494226
